height;width;chain;name;url
800; 2000;arbitrum;arbiscan-warming;https://arbiscan.io/token/0x912ce59144191c1204e64559fe8253a0e49e6548
